line : 21 [-6, 10, -12, 164, 5, -56, -64, 6720, [-6, 4]]
line : 26 [-6, -12, 10, -45, 5, -45, -75, 450, [-6, 4]]
line : 31 [-6, 7, -25, -81, 5, -44, -84, 770, [-6, 4]]
line : 41 [-6, -9, 15, -41, 5, -36, -126, 420, [-6, 4]]
line : 46 [-6, 4, -36, 74, 5, -32, -352, 1320, [-6, 4]]
line : 51 [-6, 6, 27, -36, 5, -27, 162, -405, [-6, 4]]
line : 56 [-6, 10, 10, -1, 5, -24, 24, -30, [-6, 4]]
line : 57 [-6, -10, -10, -1, 5, -24, 24, -30, [-6, 4]]
line : 60 [10, -1, -4, -6, 24, -30, 3, 5, [48, 196]]
line : 61 [-10, -1, -4, -6, 24, -30, 3, 5, [48, 196]]
line : 66 [-6, -5, -25, -101, 5, -24, 114, -2280, [-6, 4]]
line : 71 [-6, -8, -15, 20, 5, -20, 50, -300, [-6, 4]]
line : 76 [-6, 4, 9, 24, 5, -12, 18, -180, [-6, 4]]
line : 81 [-6, 5, 5, -1, 5, -6, 6, -30, [-6, 4]]
line : 82 [-6, -5, -5, -1, 5, -6, 6, -30, [-6, 4]]
line : 85 [5, -1, -4, -6, 6, -30, 3, 5, [12, 49]]
line : 88 [-1, -4, -6, -5, -30, 3, 5, -6, [-12, 1]]
line : 192 [-5, -5, -5, -5, 6, 6, -24, -24, [-8, 9]]
line : 193 [-5, -5, -5, -5, 6, -24, -24, 4, [-12, 1]]
line : 194 [-5, -5, -5, -5, -24, -24, 4, 6, [-12, 1]]
line : 195 [-5, -5, -5, -5, -24, 4, 6, 6, [48, 121]]
line : 196 [-5, -5, -5, -5, 4, 6, 6, -24, [48, 121]]
line : 197 [-5, -5, -5, -5, 6, 6, -14, -84, [-8, 9]]
line : 198 [-5, -5, -5, -5, 6, -14, -84, 4, [-12, 1]]
line : 199 [-5, -5, -5, -5, -14, -84, 4, 6, [-12, 1]]
line : 200 [-5, -5, -5, -5, -84, 4, 6, 6, [28, 81]]
line : 201 [-5, -5, -5, -5, 4, 6, 6, -14, [168, 361]]
line : 231 [-21, 11, -101, -5, 20, 28, -420, 4, [-12, 1]]
